1046664907057282441
1046664838339532118
1046664769670935507
1046664769670935450
1046664769670935490
1046664769670935439
1046664769670935500
1046664769670935466
1046664769670935471
1046664769670935448
1046664769670805068
1046664769670935513
1046664769670935498
1046664769670805071
1046664769670935438
1046664769670935462
1046664769670935502
1046664769670935496
1046664769670935455
1046664769670935518
1046664769670935516
1046664769670805021
1046664769670805036
1046664769670935463
1046664769670935479
1046664769670935452
1046664769670935476
1046664769670935472
